77 1 713 838
78 1 714 851
79 1 719 848
80 1 721 848
81 1 722 848
82 1 722 850
83 1 722 843
84 1 727 841
85 1 728 840
86 1 729 840
87 1 729 839
88 1 729 830
89 1 730 837
90 1 730 849
91 1 730 854
92 1 734 855
93 1 735 855
94 1 736 846
95 1 736 842
96 1 736 841
97 1 737 840
98 1 737 839
99 1 737 839
100 1 737 839
101 1 741 847
102 1 742 851
103 1 743 853
104 1 744 853
105 1 744 854
106 1 744 853
107 1 744 853
108 1 748 862
109 1 749 857
110 1 750 855
111 1 750 863
112 1 750 857
115 1 762 855
116 1 764 854
117 1 764 853
118 1 769 862
119 1 772 866
120 1 777 862
121 1 779 861
122 1 780 851
123 1 784 849
124 1 786 848
134 1 800 835
135 1 800 835
136 1 805 835
139 1 819 828
140 1 822 837
141 1 823 839
142 1 827 862
143 1 833 870
144 1 840 881
145 1 847 883
146 1 850 884
147 1 864 878
148 1 869 878
149 1 872 879
150 1 873 880
151 1 882 874
152 1 885 872
153 1 887 871
154 1 891 870
155 1 893 870
156 1 898 869
157 1 901 869
158 1 906 871
159 1 912 872
160 1 914 873
161 1 919 874
162 1 921 874
163 1 922 875
164 1 926 875
165 1 927 874
166 1 929 874
167 1 933 873
168 1 939 873
169 1 943 873
170 1 949 871
171 1 955 873
172 1 957 874
173 1 962 874
174 1 965 875
175 1 970 875
176 1 976 876
177 1 978 877
178 1 984 879
179 1 990 880
180 1 996 880
181 1 999 878
182 1 1005 878
183 1 1007 879
184 1 1008 879
185 1 1012 881
186 1 1015 883
187 1 1019 880
188 1 1021 884
189 1 1022 885
190 1 1026 887
191 1 1028 889
192 1 1032 890
193 1 1035 891
194 1 1040 892
195 1 1042 893
196 1 1043 894
197 1 1048 896
198 1 1054 897
199 1 1061 894
200 1 1068 894
265 1 1070 894
266 1 1076 894
267 1 1082 897
268 1 1089 898
269 1 1093 898
270 1 1098 899
271 1 1105 900
272 1 1107 900
273 1 1116 901
274 1 1121 902
275 1 1131 903
276 1 1139 905
277 1 1141 906
278 1 1148 902
279 1 1154 904
280 1 1161 906
281 1 1164 907
282 1 1169 910
283 1 1176 913
284 1 1178 915
285 1 1183 911
286 1 1185 912
287 1 1190 912
288 1 1192 912
289 1 1192 912
290 1 1197 912
291 1 1198 912
292 1 1198 911
293 1 1198 911
294 1 1198 910
295 1 1198 910
296 1 1198 910
297 1 1198 910
298 1 1198 910
299 1 1198 909
300 1 1198 909
301 1 1198 908
302 1 1198 907
303 1 1198 907
304 1 1198 907
305 1 1198 907
306 1 1197 908
307 1 1197 908
308 1 1197 908
309 1 1197 908
310 1 1197 909
311 1 1197 908
312 1 1197 908
313 1 1197 908
314 1 1197 906
315 1 1197 906
316 1 1197 907
317 1 1193 909
318 1 1191 909
319 1 1186 910
320 1 1184 911
321 1 1183 912
322 1 1182 913
323 1 1178 912
324 1 1176 912
325 1 1175 912
326 1 1171 911
327 1 1169 911
328 1 1164 910
329 1 1162 905
330 1 1157 905
331 1 1159 909
332 1 1160 911
333 1 1156 911
334 1 1155 912
335 1 1150 914
336 1 1148 916
337 1 1147 916
338 1 1147 917
339 1 1142 917
340 1 1140 916
341 1 1140 916
342 1 1135 919
343 1 1133 920
344 1 1133 921
345 1 1132 923
346 1 1128 925
347 1 1126 923
348 1 1126 922
349 1 1125 922
350 1 1121 921
351 1 1120 921
352 1 1119 923
353 1 1119 923
354 1 1118 924
355 1 1118 922
356 1 1118 922
357 1 1118 921
358 1 1119 920
359 1 1119 923
360 1 1119 923
361 1 1119 922
362 1 1119 921
363 1 1120 921
364 1 1124 921
365 1 1126 921
366 1 1131 921
367 1 1133 920
368 1 1133 920
369 1 1134 919
370 1 1134 918
371 1 1134 918
372 1 1134 917
373 1 1134 917
374 1 1134 918
375 1 1134 918
376 1 1134 917
377 1 1134 917
378 1 1134 917
379 1 1138 919
380 1 1140 919
381 1 1141 918
382 1 1141 919
383 1 1141 919
384 1 1141 919
385 1 1142 919
386 1 1141 917
387 1 1141 917
388 1 1137 917
389 1 1135 918
390 1 1134 920
391 1 1129 923
392 1 1128 924
393 1 1127 924
394 1 1126 924
395 1 1122 924
396 1 1120 924
397 1 1120 924
398 1 1119 924
399 1 1118 923
400 1 1114 923
401 1 1113 923
402 1 1112 923
403 1 1112 924
404 1 1112 925
405 1 1111 926
406 1 1111 926
407 1 1112 926
408 1 1112 927
409 1 1112 927
410 1 1116 926
411 1 1118 926
412 1 1119 927
413 1 1123 927
414 1 1126 930
415 1 1127 931
416 1 1127 931
417 1 1132 932
418 1 1134 933
419 1 1138 935
420 1 1140 937
421 1 1142 937
422 1 1146 938
423 1 1148 938
424 1 1152 939
425 1 1154 939
426 1 1155 940
427 1 1156 940
428 1 1156 940
429 1 1155 941
430 1 1155 941
431 1 1155 938
432 1 1154 936
433 1 1151 936
434 1 1149 937
435 1 1148 937
436 1 1143 938
437 1 1141 939
438 1 1136 945
439 1 1134 948
440 1 1133 949
441 1 1128 949
442 1 1126 947
443 1 1120 951
444 1 1115 953
445 1 1113 954
446 1 1111 950
447 1 1107 953
448 1 1100 955
449 1 1098 951
450 1 1097 956
451 1 1092 955
452 1 1090 955
453 1 1089 958
454 1 1089 960
455 1 1084 963
456 1 1083 965
457 1 1082 966
458 1 1082 965
459 1 1082 964
460 1 1082 965
461 1 1078 964
462 1 1077 964
463 1 1076 967
464 1 1076 968
465 1 1076 970
466 1 1076 972
467 1 1076 975
468 1 1076 978
469 1 1076 978
470 1 1077 978
471 1 1077 979
472 1 1081 981
473 1 1082 981
474 1 1083 982
475 1 1084 982
476 1 1084 982
477 1 1084 979
478 1 1084 979
479 1 1084 979
480 1 1084 980
481 1 1084 979
482 1 1084 980
483 1 1084 981
484 1 1084 981
485 1 1083 983
486 1 1083 984
487 1 1083 984
488 1 1083 984
489 1 1083 990
490 1 1083 993
491 1 1079 995
492 1 1078 998
493 1 1077 1000
494 1 1077 1003
495 1 1076 1005
496 1 1072 1007
497 1 1070 1008
498 1 1065 1010
499 1 1063 1010
500 1 1062 1011
501 1 1062 1013
502 1 1062 1010
503 1 1066 1010
504 1 1068 1010
505 1 1068 1010
506 1 1069 1011
507 1 1074 1011
508 1 1081 1010
509 1 1088 1010
510 1 1095 1018
511 1 1098 1015
512 1 1099 1014
513 1 1104 1018
514 1 1111 1020
515 1 1122 1019
516 1 1127 1018
517 1 1128 1018
518 1 1138 1017
519 1 1141 1017
520 1 1152 1016
521 1 1156 1017
522 1 1166 1016
523 1 1170 1018
524 1 1172 1018
525 1 1181 1018
526 1 1189 1024
527 1 1201 1030
528 1 1206 1034
529 1 1208 1035
530 1 1217 1028
531 1 1225 1024
532 1 1233 1021
533 1 1235 1019
534 1 1241 1016
535 1 1243 1015
536 1 1243 1014
537 1 1247 1015
538 1 1249 1014
539 1 1254 1013
540 1 1260 1013
541 1 1263 1013
542 1 1264 1013
543 1 1268 1015
544 1 1270 1016
545 1 1271 1017
546 1 1271 1017
547 1 1271 1018
548 1 1270 1018
549 1 1270 1016
550 1 1265 1015
551 1 1263 1017
552 1 1258 1018
553 1 1256 1018
554 1 1255 1017
555 1 1250 1016
556 1 1243 1014
557 1 1237 1012
558 1 1229 1011
559 1 1226 1011
560 1 1225 1011
561 1 1220 1009
562 1 1214 1008
563 1 1211 1007
564 1 1206 1006
565 1 1200 1003
566 1 1197 1002
567 1 1196 1002
568 1 1192 999
569 1 1190 999
570 1 1185 999
571 1 1183 999
572 1 1182 999
573 1 1182 1000
574 1 1182 1003
575 1 1182 1003
576 1 1182 1003
577 1 1182 1002
578 1 1182 1001
579 1 1182 1001
580 1 1182 1000
581 1 1182 998
582 1 1178 996
583 1 1177 995
584 1 1176 994
585 1 1176 993
586 1 1176 991
587 1 1176 986
588 1 1175 977
589 1 1175 971
590 1 1171 968
591 1 1174 968
592 1 1170 968
593 1 1169 967
594 1 1169 965
595 1 1168 962
596 1 1168 962
597 1 1168 963
598 1 1168 963
599 1 1164 962
600 1 1162 961
601 1 1157 962
602 1 1154 962
603 1 1153 962
604 1 1149 961
605 1 1147 959
606 1 1142 958
607 1 1140 956
608 1 1140 955
609 1 1139 949
610 1 1135 945
611 1 1133 947
612 1 1133 946
613 1 1133 944
614 1 1133 943
615 1 1133 943
616 1 1133 943
617 1 1133 943
618 1 1137 942
619 1 1139 942
620 1 1139 942
621 1 1140 944
622 1 1141 945
623 1 1145 943
624 1 1147 942
625 1 1152 941
626 1 1154 939
627 1 1155 938
628 1 1159 935
629 1 1161 928
630 1 1162 929
631 1 1163 929
632 1 1163 929
633 1 1163 928
634 1 1163 927
635 1 1163 925
636 1 1167 923
637 1 1165 924
638 1 1164 924
639 1 1163 924
640 1 1162 923
641 1 1162 922
642 1 1162 922
643 1 1161 920
644 1 1161 919
645 1 1157 918
646 1 1156 918
647 1 1155 918
648 1 1155 916
649 1 1154 915
650 1 1154 915
651 1 1154 915
652 1 1150 914
653 1 1152 915
654 1 1150 917
655 1 1149 918
656 1 1149 918
657 1 1148 919
658 1 1148 919
659 1 1148 919
660 1 1148 919
661 1 1148 917
662 1 1148 917
663 1 1149 916
664 1 1148 917
665 1 1148 917
666 1 1148 917
667 1 1148 916
668 1 1148 916
669 1 1148 916
670 1 1148 916
671 1 1148 916
672 1 1148 915
673 1 1149 915
674 1 1149 915
675 1 1149 915
676 1 1152 912
677 1 1153 911
678 1 1155 910
679 1 1155 913
680 1 1159 914
681 1 1161 911
682 1 1162 909
683 1 1162 908
684 1 1163 908
685 1 1167 909
686 1 1169 908
687 1 1170 908
688 1 1174 907
689 1 1176 908
690 1 1180 907
691 1 1183 911
692 1 1184 910
693 1 1185 909
694 1 1185 909
695 1 1189 908
696 1 1190 908
697 1 1191 908
698 1 1192 908
699 1 1192 907
700 1 1192 908
701 1 1192 908
702 1 1192 908
703 1 1192 909
704 1 1192 908
705 1 1195 907
706 1 1196 907
707 1 1197 907
708 1 1197 907
709 1 1197 908
710 1 1197 908
711 1 1197 908
712 1 1197 909
713 1 1197 909
714 1 1198 909
715 1 1198 909
716 1 1198 910
717 1 1198 911
718 1 1198 911
719 1 1198 911
720 1 1202 912
721 1 1200 909
722 1 1199 913
723 1 1199 914
724 1 1199 911
725 1 1199 911
726 1 1202 912
727 1 1200 912
728 1 1198 914
729 1 1198 915
730 1 1198 915
731 1 1198 916
732 1 1198 916
733 1 1197 918
734 1 1193 914
735 1 1191 913
736 1 1190 915
737 1 1189 916
738 1 1185 918
739 1 1184 919
740 1 1179 920
741 1 1177 908
742 1 1176 904
743 1 1176 911
744 1 1175 915
745 1 1171 917
746 1 1169 917
747 1 1164 917
748 1 1162 916
749 1 1157 914
750 1 1154 914
751 1 1150 914
752 1 1147 915
753 1 1147 915
754 1 1142 915
755 1 1140 916
756 1 1135 914
757 1 1129 913
758 1 1130 913
759 1 1127 913
760 1 1126 915
761 1 1121 916
762 1 1119 922
763 1 1118 925
764 1 1117 927
765 1 1117 927
766 1 1113 928
767 1 1111 930
768 1 1107 929
769 1 1105 930
770 1 1104 931
771 1 1104 932
772 1 1104 934
773 1 1103 936
774 1 1099 939
775 1 1097 940
776 1 1097 941
777 1 1096 941
778 1 1096 943
779 1 1092 943
780 1 1090 940
781 1 1090 939
782 1 1089 939
783 1 1085 939
784 1 1084 939
785 1 1082 938
786 1 1078 938
787 1 1076 938
788 1 1075 938
789 1 1075 938
790 1 1070 938
791 1 1069 939
792 1 1064 939
793 1 1062 939
794 1 1061 939
795 1 1061 940
796 1 1057 943
797 1 1054 945
798 1 1050 947
799 1 1047 949
800 1 1042 951
801 1 1041 952
802 1 1036 952
803 1 1034 953
804 1 1029 953
805 1 1026 954
806 1 1025 955
807 1 1025 955
808 1 1021 956
809 1 1019 958
810 1 1018 959
811 1 1017 963
812 1 1017 965
813 1 1017 966
814 1 1014 965
815 1 1016 965
816 1 1017 965
817 1 1018 966
818 1 1018 966
819 1 1019 967
820 1 1019 969
821 1 1023 972
822 1 1025 974
823 1 1026 974
824 1 1027 974
825 1 1027 974
826 1 1031 975
827 1 1033 976
828 1 1034 978
829 1 1035 976
830 1 1035 975
831 1 1039 976
832 1 1040 976
833 1 1041 978
834 1 1041 981
835 1 1041 984
836 1 1041 985
837 1 1041 986
838 1 1041 988
839 1 1042 989
840 1 1042 990
841 1 1042 990
842 1 1042 990
843 1 1042 997
844 1 1042 1002
845 1 1041 1005
846 1 1041 1006
847 1 1040 1007
848 1 1037 1007
849 1 1035 1007
850 1 1035 1008
851 1 1035 1008
852 1 1038 1007
853 1 1040 1008
854 1 1040 1008
855 1 1041 1008
856 1 1045 1009
857 1 1052 1006
858 1 1055 1005
859 1 1060 1005
860 1 1067 1006
861 1 1069 1006
862 1 1075 1012
863 1 1077 1015
864 1 1087 1016
865 1 1091 1014
866 1 1092 1014
867 1 1097 1014
868 1 1104 1015
869 1 1111 1017
870 1 1118 1017
871 1 1125 1014
872 1 1132 1012
873 1 1135 1011
874 1 1140 1017
875 1 1142 1016
876 1 1152 1021
877 1 1160 1023
878 1 1163 1024
879 1 1169 1034
880 1 1175 1034
881 1 1183 1038
882 1 1190 1037
883 1 1197 1036
884 1 1200 1036
885 1 1200 1036
886 1 1205 1038
887 1 1211 1035
888 1 1218 1036
889 1 1225 1040
890 1 1228 1041
891 1 1233 1044
892 1 1235 1040
893 1 1240 1042
894 1 1242 1044
895 1 1247 1046
896 1 1249 1047
897 1 1250 1048
898 1 1254 1050
899 1 1256 1049
900 1 1256 1043
901 1 1257 1041
902 1 1261 1042
903 1 1258 1041
904 1 1257 1041
905 1 1256 1042
906 1 1256 1043
907 1 1251 1044
908 1 1249 1045
909 1 1249 1045
910 1 1243 1044
911 1 1237 1044
912 1 1234 1044
913 1 1229 1044
914 1 1218 1044
915 1 1213 1049
916 1 1211 1051
917 1 1202 1050
918 1 1193 1050
919 1 1186 1050
920 1 1178 1050
921 1 1176 1050
922 1 1170 1050
923 1 1168 1049
924 1 1158 1048
925 1 1154 1047
926 1 1149 1044
927 1 1146 1042
928 1 1146 1042
929 1 1141 1046
930 1 1139 1046
931 1 1134 1045
932 1 1133 1044
933 1 1132 1043
934 1 1132 1041
935 1 1132 1040
936 1 1132 1042
937 1 1132 1042
938 1 1133 1039
939 1 1133 1037
940 1 1133 1037
941 1 1138 1035
942 1 1140 1033
943 1 1145 1031
944 1 1147 1027
945 1 1148 1027
946 1 1148 1020
947 1 1149 1012
948 1 1149 1009
949 1 1149 1007
950 1 1153 1006
951 1 1154 1005
952 1 1154 1005
953 1 1151 1003
954 1 1149 1001
955 1 1149 1000
956 1 1148 1002
957 1 1148 1003
958 1 1148 1003
959 1 1148 1003
960 1 1143 1003
961 1 1141 1001
962 1 1136 1002
963 1 1134 1002
964 1 1133 1002
965 1 1128 1002
966 1 1122 996
967 1 1119 998
968 1 1114 991
969 1 1112 988
970 1 1111 985
971 1 1106 982
972 1 1104 979
973 1 1103 977
974 1 1099 977
975 1 1097 977
976 1 1096 977
977 1 1096 977
978 1 1096 976
979 1 1092 976
980 1 1095 975
981 1 1095 974
982 1 1092 973
983 1 1092 975
984 1 1095 975
985 1 1096 974
986 1 1097 974
987 1 1097 973
988 1 1097 973
989 1 1098 971
990 1 1098 970
991 1 1098 969
992 1 1099 967
993 1 1099 967
994 1 1099 960
995 1 1099 958
996 1 1099 957
997 1 1099 956
998 1 1099 954
999 1 1099 954
1000 1 1099 953
1001 1 1099 952
1002 1 1099 952
1003 1 1098 951
1004 1 1097 950
1005 1 1097 950
1006 1 1093 949
1007 1 1092 950
1008 1 1087 948
1009 1 1084 948
1010 1 1079 945
1011 1 1076 943
1012 1 1076 942
1013 1 1071 941
1014 1 1069 941
1015 1 1065 940
1016 1 1063 939
1017 1 1062 939
1018 1 1061 938
1019 1 1061 938
1020 1 1056 937
1021 1 1055 936
1022 1 1054 934
1023 1 1053 933
1024 1 1053 933
1025 1 1053 930
1026 1 1050 930
1027 1 1052 931
1028 1 1050 931
1029 1 1049 931
1030 1 1052 930
1031 1 1053 930
1032 1 1054 929
1033 1 1054 929
1034 1 1055 928
1035 1 1056 927
1036 1 1056 927
1037 1 1056 926
1038 1 1056 925
1039 1 1056 923
1040 1 1056 922
1041 1 1056 922
1042 1 1056 917
1043 1 1055 915
1044 1 1055 914
1045 1 1055 913
1046 1 1054 912
1047 1 1051 912
1048 1 1049 912
1049 1 1049 911
1050 1 1048 911
1051 1 1047 912
1052 1 1044 912
1053 1 1043 912
1054 1 1041 912
1055 1 1040 912
1056 1 1036 912
1057 1 1034 911
1058 1 1030 911
1059 1 1028 910
1060 1 1027 910
1061 1 1026 909
1062 1 1025 907
1063 1 1021 906
1064 1 1020 905
1065 1 1019 904
1066 1 1018 903
1067 1 1018 903
1068 1 1018 902
1069 1 1017 902
1070 1 1017 902
1071 1 1017 902
1072 1 1015 903
1073 1 1017 902
1074 1 1017 903
1075 1 1018 903
1076 1 1019 903
1077 1 1019 902
1078 1 1020 902
1079 1 1020 902
1080 1 1024 902
1081 1 1025 901
1082 1 1026 900
1083 1 1027 900
1084 1 1027 899
1085 1 1028 899
1086 1 1028 898
1087 1 1028 896
1088 1 1028 895
1089 1 1028 895
1090 1 1028 894
1091 1 1028 893
1092 1 1028 892
1093 1 1027 891
1094 1 1027 889
1095 1 1026 889
1096 1 1026 888
1097 1 1023 889
1098 1 1021 889
1099 1 1020 890
1100 1 1019 890
1101 1 1018 890
1102 1 1015 889
1103 1 1014 889
1104 1 1013 889
1105 1 1012 889
1106 1 1011 888
1107 1 1008 888
1108 1 1007 888
1109 1 1006 887
1110 1 1006 887
1111 1 1006 886
1112 1 1006 886
1113 1 1006 886
1114 1 1005 886
1115 1 1005 888
1116 1 1005 886
1117 1 1005 886
1118 1 1001 886
1119 1 1000 889
1120 1 999 890
1121 1 998 891
1122 1 998 891
1123 1 994 892
1124 1 992 893
1125 1 992 893
1126 1 991 894
1127 1 991 894
1128 1 991 895
1129 1 990 895
1130 1 986 895
1131 1 984 896
1132 1 984 896
1133 1 984 896
1134 1 984 896
1135 1 984 895
1136 1 984 895
1137 1 985 895
1138 1 985 895
1139 1 988 894
1140 1 990 895
1141 1 991 895
1142 1 996 894
1143 1 998 894
1144 1 998 895
1145 1 1003 895
1146 1 1005 896
1147 1 1010 895
1148 1 1012 896
1149 1 1013 897
1150 1 1017 897
1151 1 1020 897
1152 1 1025 897
1153 1 1027 897
1154 1 1033 896
1155 1 1038 897
1156 1 1040 897
1157 1 1046 897
1158 1 1049 897
1159 1 1054 900
1160 1 1060 900
1161 1 1062 900
1162 1 1068 902
1163 1 1071 903
1164 1 1076 900
1165 1 1079 900
1166 1 1088 899
1167 1 1091 899
1168 1 1093 899
1169 1 1098 899
1170 1 1100 900
1171 1 1109 901
1172 1 1113 901
1173 1 1114 902
1174 1 1119 904
1175 1 1125 908
1176 1 1132 909
1177 1 1135 910
1178 1 1140 912
1179 1 1142 912
1180 1 1142 912
1181 1 1143 915
1182 1 1147 914
1183 1 1149 913
1184 1 1154 914
1185 1 1155 914
1186 1 1157 914
1187 1 1161 914
1188 1 1162 914
1189 1 1163 915
1190 1 1163 915
1191 1 1164 915
1192 1 1163 915
1193 1 1163 915
1194 1 1163 915
1195 1 1163 913
1196 1 1164 913
1197 1 1163 913
1198 1 1163 914
1199 1 1163 914
1200 1 1163 918
1201 1 1162 916
1202 1 1158 917
1203 1 1156 918
1204 1 1155 919
1205 1 1150 919
1206 1 1148 919
1207 1 1143 920
1208 1 1141 920
1209 1 1140 920
1210 1 1139 918
1211 1 1136 918
1212 1 1133 917
1213 1 1132 917
1214 1 1127 918
1215 1 1125 918
1216 1 1125 918
1217 1 1121 918
1218 1 1119 918
1219 1 1114 919
1220 1 1112 919
1221 1 1112 919
1222 1 1111 920
1223 1 1111 920
1224 1 1110 923
1225 1 1110 925
1226 1 1110 927
1227 1 1110 928
1228 1 1110 929
1229 1 1107 930
1230 1 1106 934
1231 1 1105 938
1232 1 1105 941
1233 1 1105 940
1234 1 1109 939
1235 1 1110 939
1236 1 1111 940
1237 1 1111 940
1238 1 1112 940
1239 1 1113 940
1240 1 1113 941
1241 1 1116 940
1242 1 1118 940
1243 1 1118 938
1244 1 1119 939
1245 1 1115 940
1246 1 1113 941
1247 1 1113 941
1248 1 1112 942
1249 1 1111 943
1250 1 1107 948
1251 1 1105 950
1252 1 1105 952
1253 1 1100 956
1254 1 1098 959
1255 1 1093 960
1256 1 1091 961
1257 1 1085 962
1258 1 1083 962
1259 1 1082 962
1260 1 1078 963
1261 1 1076 965
1262 1 1075 967
1263 1 1075 968
1264 1 1075 968
1265 1 1075 973
1266 1 1075 974
1267 1 1075 978
1268 1 1075 979
1269 1 1075 981
1270 1 1075 981
1271 1 1075 982
1272 1 1076 984
1273 1 1076 987
1274 1 1080 991
1275 1 1082 992
1276 1 1083 993
1277 1 1084 992
1278 1 1088 993
1279 1 1090 991
1280 1 1091 990
1281 1 1091 990
1282 1 1092 990
1283 1 1092 990
1284 1 1092 991
1285 1 1092 992
1286 1 1092 995
1287 1 1092 997
1288 1 1092 997
1289 1 1092 998
1290 1 1091 998
1291 1 1091 1000
1292 1 1091 1000
1293 1 1086 1002
1294 1 1085 1003
1295 1 1084 1003
1296 1 1084 1006
1297 1 1083 1009
1298 1 1079 1013
1299 1 1077 1017
1300 1 1076 1019
1301 1 1072 1017
1302 1 1070 1017
1303 1 1065 1018
1304 1 1063 1021
1305 1 1057 1020
1306 1 1055 1020
1307 1 1054 1021
1308 1 1054 1022
1309 1 1054 1023
1310 1 1054 1025
1311 1 1054 1027
1312 1 1054 1028
1313 1 1055 1035
1314 1 1059 1039
1315 1 1061 1042
1316 1 1066 1045
1317 1 1068 1047
1318 1 1074 1049
1319 1 1076 1050
1320 1 1077 1048
1321 1 1082 1047
1322 1 1088 1048
1323 1 1091 1045
1324 1 1092 1043
1325 1 1096 1043
1326 1 1098 1044
1327 1 1099 1046
1328 1 1104 1048
1329 1 1105 1051
1330 1 1106 1058
1331 1 1106 1061
1332 1 1111 1065
1333 1 1112 1073
1334 1 1117 1071
1335 1 1119 1076
1336 1 1120 1078
1337 1 1120 1083
1338 1 1120 1085
1339 1 1124 1087
1340 1 1126 1091
1341 1 1127 1096
1342 1 1127 1090
1343 1 1127 1087
1344 1 1126 1090
1345 1 1126 1086
1346 1 1126 1084
1347 1 1126 1078
1348 1 1126 1075
1349 1 1131 1076
1350 1 1133 1076
1351 1 1133 1079
1352 1 1134 1080
1353 1 1129 1077
1354 1 1127 1077
1355 1 1126 1076
1356 1 1121 1071
1357 1 1115 1069
1358 1 1112 1069
1359 1 1112 1073
1360 1 1111 1074
1361 1 1107 1075
1362 1 1105 1075
1363 1 1100 1075
1364 1 1098 1075
1365 1 1093 1078
1366 1 1086 1076
1367 1 1084 1076
1368 1 1078 1076
1369 1 1076 1079
1370 1 1071 1080
1371 1 1064 1079
1372 1 1062 1079
1373 1 1061 1082
1374 1 1056 1075
1375 1 1055 1071
1376 1 1054 1070
1377 1 1049 1067
1378 1 1048 1065
1379 1 1047 1064
1380 1 1047 1061
1381 1 1047 1056
1382 1 1048 1054
1383 1 1048 1053
1384 1 1048 1052
1385 1 1052 1051
1386 1 1054 1050
1387 1 1055 1048
1388 1 1060 1047
1389 1 1066 1050
1390 1 1069 1049
1391 1 1070 1049
1392 1 1075 1048
1393 1 1077 1042
1394 1 1082 1037
1395 1 1088 1033
1396 1 1091 1031
1397 1 1096 1023
1398 1 1099 1020
1399 1 1104 1017
1400 1 1106 1019
1401 1 1107 1019
1402 1 1111 1019
1403 1 1112 1020
1404 1 1113 1019
1405 1 1114 1022
1406 1 1113 1020
1407 1 1113 1019
1408 1 1113 1019
1409 1 1113 1020
1410 1 1113 1020
1411 1 1109 1016
1412 1 1107 1014
1413 1 1106 1013
1414 1 1105 1012
1415 1 1105 1012
1416 1 1101 1009
1417 1 1099 1008
1418 1 1098 999
1419 1 1097 997
1420 1 1097 995
1421 1 1097 991
1422 1 1097 989
1423 1 1097 988
1424 1 1097 988
1425 1 1097 987
1426 1 1097 985
1427 1 1097 984
1428 1 1098 981
1429 1 1098 983
1430 1 1103 983
1431 1 1105 982
1432 1 1105 982
1433 1 1110 981
1434 1 1111 983
1435 1 1113 981
1436 1 1117 979
1437 1 1119 974
1438 1 1120 972
1439 1 1121 971
1440 1 1124 964
1441 1 1126 964
1442 1 1127 963
1443 1 1128 962
1444 1 1128 962
1445 1 1128 960
1446 1 1128 959
1447 1 1128 958
1448 1 1128 957
1449 1 1127 956
1450 1 1127 956
1451 1 1127 955
1452 1 1126 955
1453 1 1122 955
1454 1 1120 956
1455 1 1119 957
1456 1 1118 957
1457 1 1114 956
1458 1 1112 955
1459 1 1107 954
1460 1 1105 953
1461 1 1100 948
1462 1 1098 945
1463 1 1097 944
1464 1 1097 942
1465 1 1096 940
1466 1 1092 940
1467 1 1090 939
1468 1 1090 939
1469 1 1090 938
1470 1 1089 938
1471 1 1089 937
1472 1 1086 937
1473 1 1085 937
1474 1 1084 936
1475 1 1084 936
1476 1 1088 935
1477 1 1089 935
1478 1 1089 934
1479 1 1089 934
1480 1 1090 934
1481 1 1090 933
1482 1 1090 933
1483 1 1091 932
1484 1 1091 931
1485 1 1092 930
1486 1 1092 928
1487 1 1092 928
1488 1 1092 926
1489 1 1091 924
1490 1 1091 920
1491 1 1091 917
1492 1 1091 916
1493 1 1090 915
1494 1 1090 913
1495 1 1086 913
1496 1 1084 913
1497 1 1083 912
1498 1 1082 911
1499 1 1082 911
1500 1 1078 914
1501 1 1076 914
1502 1 1072 915
1503 1 1069 914
1504 1 1068 914
1505 1 1064 913
1506 1 1062 912
1507 1 1057 912
1508 1 1055 912
1509 1 1050 910
1510 1 1048 909
1511 1 1047 909
1512 1 1046 907
1513 1 1046 907
1514 1 1043 908
1515 1 1041 908
1516 1 1041 908
1517 1 1041 907
1518 1 1041 906
1519 1 1041 905
1520 1 1041 905
1521 1 1041 904
1522 1 1042 903
1523 1 1042 903
1524 1 1045 903
1525 1 1047 902
1526 1 1047 903
1527 1 1048 905
1528 1 1049 906
1529 1 1049 902
1530 1 1052 901
1531 1 1054 897
1532 1 1054 895
1533 1 1055 894
1534 1 1055 894
1535 1 1055 894
1536 1 1055 893
1537 1 1055 893
1538 1 1054 892
1539 1 1054 891
1540 1 1054 891
1541 1 1051 890
1542 1 1049 891
1543 1 1048 891
1544 1 1048 891
1545 1 1044 891
1546 1 1042 891
1547 1 1042 891
1548 1 1041 893
1549 1 1041 894
1550 1 1041 894
1551 1 1041 894
1552 1 1040 894
1553 1 1040 893
1554 1 1040 892
1555 1 1037 890
1556 1 1035 889
1557 1 1035 888
1558 1 1034 888
1559 1 1034 888
1560 1 1034 888
1561 1 1034 890
1562 1 1033 890
1563 1 1033 889
1564 1 1033 889
1565 1 1030 890
1566 1 1028 890
1567 1 1027 892
1568 1 1026 894
1569 1 1026 894
1570 1 1026 893
1571 1 1026 894
1572 1 1022 895
1573 1 1021 895
1574 1 1020 896
1575 1 1020 896
1576 1 1020 897
1577 1 1020 897
1578 1 1020 897
1579 1 1020 898
1580 1 1020 898
1581 1 1023 898
1582 1 1025 898
1583 1 1026 899
1584 1 1027 899
1585 1 1027 899
1586 1 1028 899
1587 1 1028 900
1588 1 1032 899
1589 1 1033 899
1590 1 1034 899
1591 1 1034 899
1592 1 1035 899
1593 1 1039 902
1594 1 1041 903
1595 1 1046 902
1596 1 1048 902
1597 1 1049 902
1598 1 1053 901
1599 1 1055 902
1600 1 1060 902
1601 1 1062 903
1602 1 1063 903
1603 1 1064 903
1604 1 1068 904
1605 1 1070 907
1606 1 1071 911
1607 1 1071 914
1608 1 1071 916
1609 1 1071 917
1610 1 1071 918
1611 1 1071 919
1612 1 1070 921
1613 1 1070 923
1614 1 1069 923
1615 1 1066 923
1616 1 1064 923
1617 1 1062 924
1618 1 1058 925
1619 1 1056 926
1620 1 1055 926
1621 1 1054 927
1622 1 1054 927
1623 1 1053 927
1624 1 1050 929
1625 1 1049 928
1626 1 1048 931
1627 1 1048 933
1628 1 1048 935
1629 1 1048 936
1630 1 1047 938
1631 1 1047 938
1632 1 1047 940
1633 1 1047 940
1634 1 1047 942
1635 1 1047 944
1636 1 1047 946
1637 1 1047 944
1638 1 1047 944
1639 1 1048 943
1640 1 1048 944
1641 1 1048 945
1642 1 1048 946
1643 1 1048 947
1644 1 1048 947
1645 1 1048 947
1646 1 1048 948
1647 1 1047 949
1648 1 1044 951
1649 1 1042 952
1650 1 1041 953
1651 1 1037 953
1652 1 1034 952
1653 1 1029 953
1654 1 1027 954
1655 1 1022 958
1656 1 1020 960
1657 1 1019 961
1658 1 1014 964
1659 1 1012 966
1660 1 1007 967
1661 1 1005 966
1662 1 1004 965
1663 1 999 968
1664 1 997 969
1665 1 993 968
1666 1 991 968
1667 1 990 969
1668 1 990 971
1669 1 989 972
1670 1 989 975
1671 1 990 976
1672 1 990 976
1673 1 990 976
1674 1 990 976
1675 1 991 977
1676 1 991 977
1677 1 995 981
1678 1 997 983
1679 1 998 982
1680 1 998 982
1681 1 998 983
1682 1 1003 982
1683 1 1004 982
1684 1 1005 982
1685 1 1006 987
1686 1 1007 989
1687 1 1011 986
1688 1 1013 985
1689 1 1018 990
1690 1 1024 990
1691 1 1031 993
1692 1 1034 996
1693 1 1035 997
1694 1 1044 996
1695 1 1048 998
1696 1 1054 997
1697 1 1056 998
1698 1 1057 998
1699 1 1062 999
1700 1 1063 1000
1701 1 1064 999
1702 1 1068 998
1703 1 1075 998
1704 1 1077 998
1705 1 1078 998
1706 1 1083 998
1707 1 1084 998
1708 1 1089 997
1709 1 1091 998
1710 1 1092 998
1711 1 1092 996
1712 1 1092 996
1713 1 1093 998
1714 1 1096 998
1715 1 1098 996
1716 1 1099 995
1717 1 1099 995
1718 1 1099 995
1719 1 1099 995
1720 1 1099 994
1721 1 1103 993
1722 1 1105 993
1723 1 1106 992
1724 1 1106 988
1725 1 1110 982
1726 1 1112 976
1727 1 1113 971
1728 1 1117 967
1729 1 1118 966
1730 1 1120 966
1731 1 1120 965
1732 1 1125 967
1733 1 1127 967
1734 1 1128 968
1735 1 1133 967
1736 1 1138 966
1737 1 1145 963
1738 1 1147 961
1739 1 1153 958
1740 1 1155 956
1741 1 1156 951
1742 1 1156 948
1743 1 1161 946
1744 1 1163 949
1745 1 1164 946
1746 1 1164 945
1747 1 1168 946
1748 1 1169 946
1749 1 1170 946
1750 1 1170 945
1751 1 1170 945
1752 1 1169 947
1753 1 1169 948
1754 1 1169 947
1755 1 1169 946
1756 1 1165 945
1757 1 1163 939
1758 1 1162 937
1759 1 1162 940
1760 1 1161 935
1761 1 1157 930
1762 1 1156 927
1763 1 1155 927
1764 1 1155 926
1765 1 1155 927
1766 1 1159 924
1767 1 1160 923
1768 1 1161 925
1769 1 1161 924
1770 1 1161 924
1771 1 1162 922
1772 1 1162 921
1773 1 1166 922
1774 1 1168 922
1775 1 1169 921
1776 1 1174 919
1777 1 1175 919
1778 1 1176 921
1779 1 1177 921
1780 1 1181 920
1781 1 1182 920
1782 1 1183 919
1783 1 1184 919
1784 1 1184 919
1785 1 1185 919
1786 1 1188 913
1787 1 1189 913
1788 1 1190 912
1789 1 1190 912
1790 1 1190 911
1791 1 1190 910
1792 1 1190 908
1793 1 1186 907
1794 1 1188 907
1795 1 1185 908
1796 1 1184 908
1797 1 1184 908
1798 1 1184 908
1799 1 1184 907
1800 1 1183 905
1801 1 1188 901
1802 1 1189 899
1803 1 1190 898
1804 1 1186 902
1805 1 1184 903
1806 1 1183 904
1807 1 1183 905
1808 1 1179 905
1809 1 1176 905
1810 1 1172 905
1811 1 1169 905
1812 1 1164 905
1813 1 1163 905
1814 1 1161 905
1815 1 1161 906
1816 1 1156 907
1817 1 1150 905
1818 1 1148 904
1819 1 1147 905
1820 1 1142 906
1821 1 1139 907
1822 1 1135 907
1823 1 1129 907
1824 1 1126 905
1825 1 1125 903
1826 1 1120 904
1827 1 1118 903
1828 1 1117 902
1829 1 1113 902
1830 1 1112 903
1831 1 1111 904
1832 1 1110 905
1833 1 1106 905
1834 1 1105 905
1835 1 1100 904
1836 1 1098 904
1837 1 1097 904
1838 1 1092 905
1839 1 1090 904
1840 1 1085 903
1841 1 1083 902
1842 1 1082 902
1843 1 1078 902
1844 1 1077 904
1845 1 1075 903
1846 1 1071 903
1847 1 1069 903
1848 1 1064 903
1849 1 1063 903
1850 1 1061 904
1851 1 1057 905
1852 1 1051 903
1853 1 1048 901
1854 1 1047 901
1855 1 1042 902
1856 1 1040 902
1857 1 1035 904
1858 1 1029 905
1859 1 1026 902
1860 1 1021 903
1861 1 1019 904
1862 1 1018 904
1863 1 1014 905
1864 1 1011 905
1865 1 1011 905
1866 1 1011 905
1867 1 1007 907
1868 1 1005 907
1869 1 1000 909
1870 1 998 910
1871 1 993 910
1872 1 990 911
1873 1 990 910
1874 1 985 911
1875 1 979 912
1876 1 973 913
1877 1 970 914
1878 1 968 914
1879 1 964 912
1880 1 963 911
1881 1 958 912
1882 1 955 913
1883 1 950 913
1884 1 948 913
1885 1 947 912
1886 1 943 916
1887 1 941 918
1888 1 936 920
1889 1 934 921
1890 1 933 922
1891 1 929 924
1892 1 927 923
1893 1 922 924
1894 1 920 924
1895 1 918 924
1896 1 915 924
1897 1 916 924
1898 1 913 929
1899 1 912 931
1900 1 911 934
1901 1 911 936
1902 1 911 937
1903 1 911 937
1904 1 911 937
1905 1 912 938
1906 1 912 937
1907 1 917 938
1908 1 918 939
1909 1 919 939
1910 1 920 940
1911 1 924 939
1912 1 926 939
1913 1 927 936
1914 1 932 936
1915 1 934 936
1916 1 935 936
1917 1 939 937
1918 1 941 938
1919 1 942 941
1920 1 943 942
1921 1 943 947
1922 1 947 949
1923 1 949 950
1924 1 954 949
1925 1 956 945
1926 1 957 939
1927 1 961 937
1928 1 963 937
1929 1 964 939
1930 1 968 940
1931 1 971 946
1932 1 975 946
1933 1 977 947
1934 1 978 951
1935 1 982 954
1936 1 985 956
1937 1 989 956
1938 1 992 957
1939 1 993 957
1940 1 993 957
1941 1 998 958
1942 1 1003 958
1943 1 1010 960
1944 1 1013 960
1945 1 1014 960
1946 1 1019 960
1947 1 1025 962
1948 1 1032 964
1949 1 1039 963
1950 1 1047 963
1951 1 1054 962
1952 1 1057 961
1953 1 1067 960
1954 1 1070 961
1955 1 1076 962
1956 1 1083 962
1957 1 1085 963
1958 1 1090 964
1959 1 1092 965
1960 1 1098 963
1961 1 1100 965
1962 1 1105 966
1963 1 1111 967
1964 1 1113 967
1965 1 1118 967
1966 1 1121 968
1967 1 1126 972
1968 1 1132 973
1969 1 1135 973
1970 1 1136 979
1971 1 1140 981
1972 1 1142 986
1973 1 1142 985
1974 1 1142 985
1975 1 1142 985
1976 1 1142 985
1977 1 1147 992
1978 1 1148 995
1979 1 1149 999
1980 1 1149 997
1981 1 1149 995
1982 1 1149 994
1983 1 1149 995
1984 1 1149 998
1985 1 1149 999
1986 1 1153 996
1987 1 1155 996
1988 1 1155 996
1989 1 1156 997
1990 1 1156 997
1991 1 1160 1002
1992 1 1162 1003
1993 1 1163 1003
1994 1 1163 1007
1995 1 1167 1010
1996 1 1169 1009
1997 1 1170 1008
1998 1 1175 1020
1999 1 1177 1025
2000 1 1177 1027
2001 1 1182 1028
2002 1 1188 1026
2003 1 1195 1027
2004 1 1198 1028
2005 1 1199 1028
2006 1 1204 1024
2007 1 1206 1023
2008 1 1211 1025
2009 1 1212 1026
2010 1 1213 1026
2011 1 1213 1024
2012 1 1213 1024
2013 1 1213 1022
2014 1 1208 1021
2015 1 1202 1019
2016 1 1199 1018
2017 1 1198 1017
2018 1 1193 1018
2019 1 1191 1019
2020 1 1190 1018
2021 1 1190 1018
2022 1 1186 1017
2023 1 1184 1016
2024 1 1184 1016
2025 1 1183 1020
2026 1 1183 1021
2027 1 1183 1019
2028 1 1178 1020
2029 1 1177 1020
2030 1 1171 1018
2031 1 1169 1021
2032 1 1168 1019
2033 1 1163 1017
2034 1 1157 1016
2035 1 1155 1016
2036 1 1154 1016
2037 1 1149 1014
2038 1 1142 1012
2039 1 1135 1006
2040 1 1129 1004
2041 1 1126 1004
2042 1 1120 1002
2043 1 1118 1001
2044 1 1108 1000
2045 1 1104 999
2046 1 1099 999
2047 1 1092 999
2048 1 1090 999
2049 1 1084 1000
2050 1 1082 1000
2051 1 1073 999
2052 1 1068 999
2053 1 1067 999
2054 1 1058 999
2055 1 1054 1002
2056 1 1048 1000
2057 1 1042 1000
2058 1 1035 998
2059 1 1032 998
2060 1 1031 998
2061 1 1027 998
2062 1 1025 997
2063 1 1024 996
2064 1 1024 996
2065 1 1024 996
2066 1 1025 995
2067 1 1025 998
2068 1 1030 996
2069 1 1032 996
2070 1 1037 996
2071 1 1039 992
2072 1 1040 991
2073 1 1045 989
2074 1 1047 987
2075 1 1052 986
2076 1 1054 986
2077 1 1055 985
2078 1 1056 981
2079 1 1057 973
2080 1 1060 967
2081 1 1062 964
2082 1 1063 964
2083 1 1067 964
2084 1 1069 964
2085 1 1070 966
2086 1 1070 966
2087 1 1071 966
2088 1 1071 966
2089 1 1071 966
2090 1 1075 966
2091 1 1076 966
2092 1 1077 966
2093 1 1077 967
2094 1 1077 966
2095 1 1077 965
2096 1 1077 964
2097 1 1077 963
2098 1 1077 961
2099 1 1077 959
2100 1 1077 954
2101 1 1077 949
2102 1 1077 946
2103 1 1077 945
2104 1 1081 943
2105 1 1083 943
2106 1 1088 942
2107 1 1090 942
2108 1 1091 941
2109 1 1091 940
2110 1 1095 939
2111 1 1098 939
2112 1 1102 938
2113 1 1104 938
2114 1 1109 936
2115 1 1112 936
2116 1 1117 934
2117 1 1120 933
2118 1 1124 932
2119 1 1127 931
2120 1 1128 930
2121 1 1132 929
2122 1 1134 928
2123 1 1139 928
2124 1 1141 928
2125 1 1142 928
2126 1 1146 926
2127 1 1148 924
2128 1 1149 924
2129 1 1149 924
2130 1 1150 924
2131 1 1153 926
2132 1 1155 927
2133 1 1155 927
2134 1 1155 927
2135 1 1156 926
2136 1 1156 926
2137 1 1156 926
2138 1 1156 926
2139 1 1156 926
2140 1 1156 925
2141 1 1155 924
2142 1 1156 920
2143 1 1156 918
2144 1 1156 918
2145 1 1156 916
2146 1 1159 914
2147 1 1161 912
2148 1 1162 913
2149 1 1162 914
2150 1 1162 912
2151 1 1162 912
2152 1 1163 910
2153 1 1166 909
2154 1 1168 909
2155 1 1169 909
2156 1 1169 908
2157 1 1170 908
2158 1 1174 907
2159 1 1176 906
2160 1 1177 907
2161 1 1177 909
2162 1 1181 906
2163 1 1183 906
2164 1 1184 908
2165 1 1185 907
2166 1 1189 907
2167 1 1190 907
2168 1 1191 907
2169 1 1191 906
2170 1 1191 906
2171 1 1195 905
2172 1 1193 905
2173 1 1192 905
2174 1 1192 905
2175 1 1195 904
2176 1 1196 904
2177 1 1197 902
2178 1 1194 904
2179 1 1192 905
2180 1 1192 904
2181 1 1191 903
2182 1 1190 903
2183 1 1186 903
2184 1 1185 904
2185 1 1184 904
2186 1 1183 904
2187 1 1179 904
2188 1 1176 904
2189 1 1172 904
2190 1 1169 904
2191 1 1168 904
2192 1 1168 904
2193 1 1164 904
2194 1 1162 905
2195 1 1161 904
2196 1 1156 904
2197 1 1155 903
2198 1 1154 904
2199 1 1150 904
2200 1 1148 904
2201 1 1147 904
2202 1 1147 903
2203 1 1146 903
2204 1 1146 903
2205 1 1146 904
2206 1 1146 904
2207 1 1146 904
2208 1 1146 905
2209 1 1146 905
2210 1 1143 905
2211 1 1142 905
2212 1 1141 905
2213 1 1141 905
2214 1 1141 905
2215 1 1141 905
2216 1 1141 905
2217 1 1141 905
2218 1 1141 905
2219 1 1145 903
2220 1 1147 903
2221 1 1147 905
2222 1 1148 908
2223 1 1149 906
2224 1 1153 903
2225 1 1155 902
2226 1 1160 904
2227 1 1162 904
2228 1 1163 904
2229 1 1167 903
2230 1 1169 902
2231 1 1174 902
2232 1 1176 903
2233 1 1177 903
2234 1 1181 904
2235 1 1184 901
2236 1 1189 901
2237 1 1191 901
2238 1 1196 903
2239 1 1199 904
2240 1 1199 904
2241 1 1203 904
2242 1 1205 904
2243 1 1206 907
2244 1 1207 908
2245 1 1211 909
2246 1 1212 911
2247 1 1213 912
2248 1 1213 913
2249 1 1217 913
2250 1 1218 914
2251 1 1219 912
2252 1 1219 912
2253 1 1219 911
2254 1 1219 912
2255 1 1219 914
2256 1 1219 908
2257 1 1215 910
2258 1 1214 910
2259 1 1213 911
2260 1 1213 910
2261 1 1212 911
2262 1 1211 911
2263 1 1207 912
2264 1 1206 912
2265 1 1201 907
2266 1 1198 911
2267 1 1197 912
2268 1 1193 908
2269 1 1191 910
2270 1 1186 911
2271 1 1184 912
2272 1 1183 912
2273 1 1178 912
2274 1 1172 911
2275 1 1169 912
2276 1 1168 912
2277 1 1164 910
2278 1 1162 911
2279 1 1157 913
2280 1 1154 913
2281 1 1149 915
2282 1 1143 917
2283 1 1140 918
2284 1 1135 922
2285 1 1132 920
2286 1 1128 924
2287 1 1126 926
2288 1 1125 926
2289 1 1124 922
2290 1 1124 920
2291 1 1121 924
2292 1 1119 924
2293 1 1114 926
2294 1 1112 927
2295 1 1112 928
2296 1 1111 927
2297 1 1110 927
2298 1 1110 924
2299 1 1110 923
2300 1 1110 923
2301 1 1111 923
2302 1 1112 924
2303 1 1116 925
2304 1 1118 925
2305 1 1123 925
2306 1 1129 925
2307 1 1132 925
2308 1 1137 924
2309 1 1140 924
2310 1 1146 921
2311 1 1152 920
2312 1 1154 920
2313 1 1160 919
2314 1 1162 919
2315 1 1168 918
2316 1 1174 916
2317 1 1177 917
2318 1 1182 917
2319 1 1184 917
2320 1 1185 916
2321 1 1186 915
2322 1 1190 914
2323 1 1191 914
2324 1 1191 914
2325 1 1192 916
2326 1 1192 916
2327 1 1196 914
2328 1 1198 913
2329 1 1199 912
2330 1 1203 907
2331 1 1204 906
2332 1 1205 902
2333 1 1205 901
2334 1 1206 903
2335 1 1210 902
2336 1 1211 902
2337 1 1211 900
2338 1 1212 899
2339 1 1212 897
2340 1 1212 897
2341 1 1213 894
2342 1 1213 892
2343 1 1213 892
2344 1 1213 893
2345 1 1213 892
2346 1 1212 891
2347 1 1212 891
2348 1 1212 892
2349 1 1212 892
2350 1 1213 896
2351 1 1216 898
2352 1 1218 899
2353 1 1218 893
2354 1 1218 892
2355 1 1218 891
2356 1 1218 893
2357 1 1219 894
2358 1 1219 897
2359 1 1219 896
2360 1 1220 896
2361 1 1224 898
2362 1 1230 898
2368 1 1260 895
2369 1 1262 903
2370 1 1268 905
2371 1 1270 909
2372 1 1271 910
2373 1 1275 903
2374 1 1276 901
2375 1 1277 902
2376 1 1278 910
2377 1 1278 912
2378 1 1278 912
2379 1 1278 912
2380 1 1278 913
2381 1 1278 913
2382 1 1277 914
2383 1 1281 913
2384 1 1282 913
2385 1 1279 914
2386 1 1278 914
2387 1 1277 914
2388 1 1276 914
2389 1 1276 912
2390 1 1276 911
2391 1 1276 911
2392 1 1275 911
2393 1 1275 911
2394 1 1275 911
2395 1 1271 912
2396 1 1270 912
2397 1 1270 912
2398 1 1269 912
2399 1 1269 913
2400 1 1269 913
2401 1 1269 914
2402 1 1269 916
2403 1 1269 916
2404 1 1269 917
2405 1 1269 917
2406 1 1269 916
2407 1 1269 916
2408 1 1269 910
2409 1 1269 899
2410 1 1269 895
2411 1 1269 885
2412 1 1268 900
2413 1 1264 889
2414 1 1262 876
2415 1 1261 871
2416 1 1256 868
2417 1 1250 879
2418 1 1243 893
2419 1 1241 906
2420 1 1240 911
2421 1 1230 911
2422 1 1222 902
2423 1 1210 910
2424 1 1200 913
2425 1 1192 915
2426 1 1185 916
2427 1 1182 916
2428 1 1181 916
2429 1 1176 918
2430 1 1174 919
2431 1 1173 918
2432 1 1170 918
2433 1 1167 917
2434 1 1163 917
2435 1 1161 917
2436 1 1160 917
2437 1 1160 918
2438 1 1160 918
2439 1 1160 918
2440 1 1160 917
2441 1 1156 917
2442 1 1155 914
2443 1 1154 913
2444 1 1154 912
2445 1 1154 913
2446 1 1154 913
2447 1 1153 913
2448 1 1153 915
2449 1 1153 916
2450 1 1150 916
2451 1 1149 917
2452 1 1148 916
2453 1 1148 916
2454 1 1147 915
2455 1 1147 915
2456 1 1147 915
2457 1 1146 916
2458 1 1143 917
2459 1 1141 916
2460 1 1140 915
2461 1 1140 915
2462 1 1140 916
2463 1 1139 916
2464 1 1140 919
2465 1 1140 919
2466 1 1140 919
2467 1 1140 919
2468 1 1140 920
2469 1 1136 917
2470 1 1133 914
2471 1 1129 913
2472 1 1126 911
2473 1 1122 910
2474 1 1119 908
2475 1 1118 908
2476 1 1114 909
2477 1 1113 909
2478 1 1111 906
2479 1 1107 905
2480 1 1105 905
2481 1 1104 904
2482 1 1104 904
2483 1 1100 903
2484 1 1098 903
2485 1 1097 904
2486 1 1097 905
2487 1 1097 905
2488 1 1097 905
2489 1 1098 905
2490 1 1098 904
2491 1 1101 902
2492 1 1100 901
2493 1 1103 901
2494 1 1104 900
2495 1 1106 901
2496 1 1109 901
2497 1 1112 901
2498 1 1116 902
2499 1 1118 902
2500 1 1119 902
2501 1 1120 902
2502 1 1121 902
2503 1 1124 901
2504 1 1126 902
